%YAML:1.0

# cam0:
#   T_cam_imu:
#     - [-0.01791759026487616, -0.9936225785816062, 0.11132444157481064, -0.003720103019522537]
#     - [0.40354927436207105, -0.10905717564838402, -0.9084352016525157, 0.0040644731372762866]
#     - [0.9147824567190548, 0.02864792789087761, 0.40292971236508873, 0.004477513945389113]
#     - [0.0, 0.0, 0.0, 1.0]
cam0:
  T_cam_imu:
    - [-0.01136052213117772, -0.9999331822660356, 0.0021376482937223162, 0.006895195794380599]
    - [0.34008756281449015, -0.005874156708940814, -0.9403754271044413, 0.05503269783326691]
    - [0.9403251502303916, -0.009956168252869102, 0.34013157242148706, 0.014477688274166957]
    - [0.0, 0.0, 0.0, 1.0]
  camera_model: pinhole
  distortion_coeffs: [-0.27999988225901706, 0.08287397067504912, -7.542235643415184e-05, -0.0004043943289319261]
  # distortion_coeffs: [1.8094819, 3.46407955, 0.00011908, -0.00032122]
  # # distortion_coeffs: [1.8094819, 3.46407955, 0.00011908, -0.00032122, 0.33263954, 2.08777352, 3.96718493]
  distortion_model: radtan
  # intrinsics: [565.2017647033723, 565.1131840590766, 649.8402869264547, 366.5693960611573]
  intrinsics: [578.43043063, 578.43043063, 654.41093554, 351.02093713]
  line_delay: 2.281711149875938e-05
  resolution: [1280, 720]
  rostopic: /drone0/sensor_measurements/camera/image
  timeshift_cam_imu: -0.03427283642656995
